category	bookId	coverage	additional_coverage	word_limit
FAN_FICTION	6578	77	8	100000
CAREER	49991	77	8	100000
WUXIA	46957	76	7	100000
HISTORY	32907	76	7	100000
HISTORY	42525	76	7	100000
GAMING	49055	76	7	100000
GAMING	49081	76	7	100000
SCI_FI	50757	76	7	100000
SCI_FI	46999	76	7	100000
SCI_FI	40074	76	7	100000
FAN_FICTION	31474	76	7	100000
FANTASY	48142	75	6	100000
FANTASY	50735	75	6	100000
FANTASY	47120	75	6	100000
WUXIA	46106	75	6	100000
ROMANCE	37684	75	6	100000
HISTORY	30435	75	6	100000
GAMING	48456	75	6	100000
GAMING	47130	75	6	100000
CITY_LIFE	53170	75	6	100000
CITY_LIFE	46980	75	6	100000
CAREER	53528	75	6	100000
WUXIA	46868	74	5	100000
WUXIA	48238	74	5	100000
WUXIA	47093	74	5	100000
WUXIA	47135	74	5	100000
WUXIA	50729	74	5	100000
WUXIA	45562	74	5	100000
HISTORY	49996	74	5	100000
HISTORY	10061685	74	5	100000
GAMING	50271	74	5	100000
GAMING	50568	74	5	100000
SCI_FI	51936	74	5	100000
SCI_FI	48166	74	5	100000
SCI_FI	47124	74	5	100000
SUSPENSE	53452	74	5	100000
SUSPENSE	43868	74	5	100000
SUSPENSE	32612	74	5	100000
FAN_FICTION	31715	74	5	100000
CAREER	49951	74	5	100000
YOUTH_LIFE	9999365	74	5	100000
YOUTH_LIFE	9904973	74	5	100000
FANTASY	51900	73	4	100000
FANTASY	49079	73	4	100000
FANTASY	47161	73	4	100000
FANTASY	43616	73	4	100000
FANTASY	52895	73	4	100000
FANTASY	47680	73	4	100000
WUXIA	45552	73	4	100000
WUXIA	49485	73	4	100000
ROMANCE	44871	73	4	100000
ROMANCE	45426	73	4	100000
ROMANCE	43484	73	4	100000
ROMANCE	40265	73	4	100000
HISTORY	36760	73	4	100000
HISTORY	28826	73	4	100000
SCI_FI	42071	73	4	100000
SCI_FI	43437	73	4	100000
SCI_FI	44891	73	4	100000
SUSPENSE	50128	73	4	100000
SUSPENSE	52068	73	4	100000
SUSPENSE	47865	73	4	100000
SUSPENSE	53536	73	4	100000
SUSPENSE	53537	73	4	100000
FAN_FICTION	34026	73	4	100000
FAN_FICTION	10069231	73	4	100000
FAN_FICTION	32657	73	4	100000
FAN_FICTION	31220	73	4	100000
FAN_FICTION	34134	73	4	100000
FAN_FICTION	10064400	73	4	100000
CITY_LIFE	49986	73	4	100000
CITY_LIFE	50268	73	4	100000
CITY_LIFE	49985	73	4	100000
CITY_LIFE	48207	73	4	100000
CITY_LIFE	49987	73	4	100000
CAREER	51887	73	4	100000
CAREER	52087	73	4	100000
CAREER	50286	73	4	100000
CAREER	51029	73	4	100000
CAREER	48491	73	4	100000
CAREER	52096	73	4	100000
YOUTH_LIFE	53099	73	4	100000
FANTASY	44309	72	3	100000
ROMANCE	42054	72	3	100000
ROMANCE	40534	72	3	100000
ROMANCE	49963	72	3	100000
HISTORY	10061790	72	3	100000
HISTORY	47784	72	3	100000
HISTORY	10062275	72	3	100000
GAMING	42820	72	3	100000
GAMING	45305	72	3	100000
GAMING	52885	72	3	100000
SUSPENSE	52069	72	3	100000
SUSPENSE	53068	72	3	100000
CITY_LIFE	50738	72	3	100000
CITY_LIFE	50266	72	3	100000
CITY_LIFE	49118	72	3	100000
CAREER	52090	72	3	100000
YOUTH_LIFE	9985910	72	3	100000
YOUTH_LIFE	9994583	72	3	100000
YOUTH_LIFE	9989562	72	3	100000
YOUTH_LIFE	9989756	72	3	100000
ROMANCE	45800	71	2	100000
ROMANCE	34089	71	2	100000
GAMING	50998	71	2	100000
SCI_FI	46154	71	2	100000
FAN_FICTION	10064351	71	2	100000
YOUTH_LIFE	24840	71	2	100000
YOUTH_LIFE	10022685	71	2	100000
YOUTH_LIFE	9994144	71	2	100000
FAN_FICTION	6578	77	8
CAREER	49991	77	8
WUXIA	46957	76	7
HISTORY	32907	76	7
HISTORY	42525	76	7
GAMING	49055	76	7
GAMING	49081	76	7
SCI_FI	50757	76	7
SCI_FI	46999	76	7
SCI_FI	40074	76	7
FAN_FICTION	31474	76	7
FANTASY	48142	75	6
FANTASY	50735	75	6
FANTASY	47120	75	6
WUXIA	46106	75	6
ROMANCE	37684	75	6
HISTORY	30435	75	6
GAMING	48456	75	6
GAMING	47130	75	6
CITY_LIFE	53170	75	6
CITY_LIFE	46980	75	6
CAREER	53528	75	6
WUXIA	46868	74	5
WUXIA	48238	74	5
WUXIA	47093	74	5
WUXIA	47135	74	5
WUXIA	50729	74	5
WUXIA	45562	74	5
HISTORY	49996	74	5
HISTORY	10061685	74	5
GAMING	50271	74	5
GAMING	50568	74	5
SCI_FI	51936	74	5
SCI_FI	48166	74	5
SCI_FI	47124	74	5
SUSPENSE	53452	74	5
SUSPENSE	43868	74	5
SUSPENSE	32612	74	5
FAN_FICTION	31715	74	5
CAREER	49951	74	5
YOUTH_LIFE	9999365	74	5
YOUTH_LIFE	9904973	74	5
FANTASY	51900	73	4
FANTASY	49079	73	4
FANTASY	47161	73	4
FANTASY	43616	73	4
FANTASY	52895	73	4
FANTASY	47680	73	4
WUXIA	45552	73	4
WUXIA	49485	73	4
ROMANCE	44871	73	4
ROMANCE	45426	73	4
ROMANCE	43484	73	4
ROMANCE	40265	73	4
HISTORY	36760	73	4
HISTORY	28826	73	4
SCI_FI	42071	73	4
SCI_FI	43437	73	4
SCI_FI	44891	73	4
SUSPENSE	50128	73	4
SUSPENSE	52068	73	4
SUSPENSE	47865	73	4
SUSPENSE	53536	73	4
SUSPENSE	53537	73	4
FAN_FICTION	34026	73	4
FAN_FICTION	10069231	73	4
FAN_FICTION	32657	73	4
FAN_FICTION	31220	73	4
FAN_FICTION	34134	73	4
FAN_FICTION	10064400	73	4
CITY_LIFE	49986	73	4
CITY_LIFE	50268	73	4
CITY_LIFE	49985	73	4
CITY_LIFE	48207	73	4
CITY_LIFE	49987	73	4
CAREER	51887	73	4
CAREER	52087	73	4
CAREER	50286	73	4
CAREER	51029	73	4
CAREER	48491	73	4
CAREER	52096	73	4
YOUTH_LIFE	53099	73	4
FANTASY	44309	72	3
ROMANCE	42054	72	3
ROMANCE	40534	72	3
ROMANCE	49963	72	3
HISTORY	10061790	72	3
HISTORY	47784	72	3
HISTORY	10062275	72	3
GAMING	42820	72	3
GAMING	45305	72	3
GAMING	52885	72	3
SUSPENSE	52069	72	3
SUSPENSE	53068	72	3
CITY_LIFE	50738	72	3
CITY_LIFE	50266	72	3
CITY_LIFE	49118	72	3
CAREER	52090	72	3
YOUTH_LIFE	9985910	72	3
YOUTH_LIFE	9994583	72	3
YOUTH_LIFE	9989562	72	3
YOUTH_LIFE	9989756	72	3
ROMANCE	45800	71	2
ROMANCE	34089	71	2
GAMING	50998	71	2
SCI_FI	46154	71	2
FAN_FICTION	10064351	71	2
YOUTH_LIFE	24840	71	2
YOUTH_LIFE	10022685	71	2
YOUTH_LIFE	9994144	71	2
